-1207078376
-183475863
1230372765
-1333385760
-202515016
-948962960
690594783
888927112
182668069
-1884342430
1012733244
-1356624920
418540101
-567207420
365539834
-1448106678
-1843532763
80926220
1995147331
-598680106
1788849225
1414786361
-1200469760
-757628517
266843863
-474737102
925312386
-344725064
1922452344
679276380
1184391282
-392360653
-1651454473
911644209
100608313
691690934
577099770
238491502
57745441
-610234211
112837784
-1418677265
1812409229
1645522743
-1982547919
-238861089
-983022824
1619488819
-175967051
-765411254
-1184280774
1837166625
1327856252
494874364
-1956223221
-518202382
-115138032
1707836758
2119133319
-1154602314
-1333815930
-748198494
1201355536
-1269144388
1569245244
-1118586496
2102501375
-1757885313
-624535719
-564649252
-377781160
1742124603
-1388445940
244569058
657711127
103879407
-1268645623
27326584
960844850
285341997
-1551041873
-815903290
2040942414
369766237
-180721943
1499867764
-2090276271
1487910284
-906896814
1058693856
-1333300441
582808282
-518474474
2066116280
275415886
1634226177
1078456508
-1442069701
77
