-193408077
1461355860
-1122763567
-353958692
1542176839
1709712433
-1038548949
908240878
1612006590
413979312
629916739
1988079775
413270749
357853114
1329754433
-1237167779
-1974971202
841083173
806828749
-392004565
-669326448
-867391378
-1072407379
1772323116
1614111174
-1672324933
-2045969395
739405815
-1221579799
-951452114
-1360750151
783697302
810830837
363703998
702537628
-36361450
-1585157932
-400677430
-209774563
-345944229
1427407790
-1247603794
-1234751625
-1411476305
1090265448
-1935752551
-449357622
922543771
-408413196
1459671849
1756557672
1135145271
1754198954
1960411896
294441085
924164041
-1397678934
-57986102
-1488136438
-1983128340
-937771829
38956228
955641524
1299964103
-553698017
-1299924783
-1577967103
1259900438
527620544
-1121533788
-817591826
1176855284
850981159
-1132256351
-63893371
-687280653
1821771876
1917729264
1748992653
-2139792801
-242074900
1330272847
-1797188414
710637766
-1648710350
-1132978587
-346369145
1022820978
-38539798
987550958
140042888
-484453116
-817431804
-1665125728
-158821357
-2008538520
-2006299544
1454148253
62
