438169893
-1228149368
-1933209275
-1281327136
-1670305677
926206620
-960173704
1496436828
-2023134917
326176827
1650821302
-19474652
-2006996315
1304858693
90767554
609306074
-1742271335
1799005058
774203969
1517293154
1069429417
-794091466
-591030529
-1915909300
446643924
1329847063
-1735229574
246795523
-737280547
-730766862
2036517551
1152266552
246209061
439282891
-1041092195
64108586
-859982712
-578373134
1008422299
781037212
-798488737
1330272926
-1481277100
2095710811
1920988179
1195969136
-1214454415
-808181830
-743915932
-2137144341
-1371093434
-274034033
911989362
-372926926
-1182205660
-1185595997
-1951353636
56035487
327455450
-1218593971
-400931051
604589348
1148234036
1232591460
1438652402
1663639015
-277373029
-724724557
-1305150653
-1642609646
-1427852746
-1481728769
1705207716
-1238118413
-191594324
1319646139
-458610159
-355457774
-38826554
-191631315
159922883
-322979516
-735106154
1150058554
-1076320603
690298825
1452256700
1679180720
-421279943
-1323647436
-271637876
-1129814643
-1433684912
-1211810522
-1117398821
2038419259
-1314114896
-471826505
18
